1111111111110001100100011
1000010001110011101100010
1010000011011000011000111
1101101000010111000011100
1110011110110010011011011
1100100110101001010111111
0110111000100110001101001
1100100111010101000001000
1111100000100001110101110
1101110011101010001110100
0010000110110100110111001
0011011111111111110000000
1001111000101110110111111
1001101001101001110011001
0000001001001101011001001
1010111100011010011001100
1010011111010010101010000
1100000010110001111000111
1011100101111011011111011
1001010100001010110001010
1010011010000110011010111
1000011010011011011111000
0000111001111010001001001
0011111101010011000100011
1011101011111111111110010