5
12
                         
                         
                         
                         
                         
                         
                         
                         
                         
                         
                         
                         
                         
                         
                         
                         
                         
                         
                         
                         
                         
                         
                         
                         
                         
1010011101000000111100010
1100101010000001101110010
0001100000100101111101110
0001010110001001010011011
1000111101001101011111010
1100011010110100011111011
1110000011111000011000010
0101100101000110110000010
1110010011100011010101111
0001111110110100101101111
0011111100010110101111111
0101001100100000110011011
0110111100101010010111110
0001110001111111111100101
1110110111100100100101101
0101001110100011101110000
0010011110001010001110011
0101001100000100011110101
0110011110010001100110101
0100011000101010100001011
0100001000100011000001101
1111111111000100111101000
0100011111110010011011011
0011100111111011000011111
1111111111110000010000101
