4
9
þ                   
                    
                    
                    
    ù               
                    
                    
                    
                    
                    
                    
                    
                    
                    
                    
                    
                    
                    
                    
       þ           ù
11101101011111011111
00101110001010101000
10011010000111010101
00100100010101010110
01100111011101110000
00011000011110111110
01000111110011101010
10001111011110101100
00011100000010100101
11011010001000100100
01101111101110101111
11101110010111111010
00100001001011000111
01111000011100010101
10110100110100010001
10011010110011010010
00000011010100110111
11110100111110000110
01111111111100011100
11100101010100010010
