10
3
101
110
100
5
01110
11110
11110
01111
11111
4
1111
1111
1100
1001
5
11111
11111
11111
01110
00100
5
11110
01111
11010
11111
11110
5
11111
11011
01110
00100
11111
5
01110
01011
01111
11111
11111
7
0101010
1101010
1010101
1111111
0011000
1101010
0001001
10
0111111000
0011101000
0100011000
0110111000
0111111000
0011110000
0011111000
0110111100
0110111101
1110111111
20
01011110110111111000
00111010010011101000
01000110010100011011
01111111111111111000
10111010010011101000
01000110010100011000
01111110110110011000
10101010010011101000
01000110110100011001
01111110010000111000
00111010111011101110
11000110010100011000
00011110011100011000
10111010110011101000
01000110010100011011
01111110110111111000
00111010010011101001
01000110010100011000
01111110111100011001
10111011111111101001
